0.00000 0.31710 0.45693 0.49438 0.63296 0.63296 0.33333 0.57303 
0.31710 0.00000 0.54806 0.59051 0.65418 0.64794 0.50811 0.60799 
0.45693 0.54806 0.00000 0.46067 0.46816 0.48439 0.29963 0.30337 
0.49438 0.59051 0.46067 0.00000 0.61049 0.64919 0.31336 0.56929 
0.63296 0.65418 0.46816 0.61049 0.00000 0.48439 0.56305 0.30587 
0.63296 0.64794 0.48439 0.64919 0.48439 0.00000 0.57553 0.33958 
0.33333 0.50811 0.29963 0.31336 0.56305 0.57553 0.00000 0.47441 
0.57303 0.60799 0.30337 0.56929 0.30587 0.33958 0.47441 0.00000